5 6 
3 4 
3 4 9 
3 4 9 6 
3 4 9 6 13 
3 4 9 6 13 4 
3 4 9 6 13 4 7 
3 5 9 6 13 4 3 
3 3 9 8 13 4 3 
12 3 9 9 13 4 3 
12 3 9 9 13 4 3 7 
12 3 9 9 13 9 3 13 
12 3 9 9 13 9 3 13 11 
12 3 9 9 13 9 3 11 8 
12 8 9 9 13 9 3 11 10 
12 3 9 9 13 9 4 11 10 
8 3 9 9 12 9 4 5 10 
13 1 9 9 12 9 4 5 10 
13 6 9 9 12 9 4 5 4 
13 10 9 9 12 9 4 11 4 
2 10 9 9 2 9 4 12 4 
10 10 9 9 2 9 4 12 4 
10 10 1 9 1 9 4 12 4 
5 10 7 9 1 9 4 12 4 
5 10 7 9 13 9 4 12 4 
5 10 1 9 13 9 2 12 4 
5 2 11 9 13 9 2 12 4 
5 6 11 7 13 9 2 12 4 
Game ended with 0 cards left in the deck.
Player wins!